1_1 1 184 0
1_3 1 246 2
1_4 1 42 3
1_5 1 436 4
1_7 1 135 6
2_2 1 344 1
2_3 1 252 2
2_7 1 165 6
3_1 1 165 0
3_3 1 190 2
3_5 1 322 4
3_6 1 59 5
3_7 1 107 6
4_6 1 73 5
5_1 1 156 0
5_2 1 513 1
5_4 1 63 3
5_5 1 559 4
5_6 1 57 5
6_1 1 150 0
6_4 1 85 3
7_3 1 195 2
7_4 1 50 3
7_6 1 69 5
7_7 1 165 6
8_4 1 52 3
8_5 1 403 4
8_6 1 91 5
9_2 1 352 1
9_3 1 239 2
9_5 1 540 4
9_7 1 99 6
10_2 1 467 1
10_3 1 319 2
10_5 1 1045 4
10_6 1 73 5
10_7 1 107 6
11_1 1 119 0
11_3 1 233 2
11_4 1 81 3
11_5 1 767 4
12_1 1 151 0
12_2 1 311 1
12_4 1 71 3
12_5 1 909 4
12_6 1 60 5
